Connection Order (chronological):
Step | Box1 | Box2 | Distance^2
----------------------------------------
   1 |  408 |  961 | 651251
   2 |  193 |  396 | 909050
   3 |  322 |  399 | 917810
   4 |   81 |  640 | 957077
   5 |  341 |  828 | 1642170
   6 |  276 |  920 | 2077297
   7 |  792 |  861 | 2280233
   8 |  343 |  624 | 2384864
   9 |  467 |  899 | 2407214
  10 |   35 |  814 | 2758099
  11 |  218 |  412 | 3061579
  12 |  438 |  891 | 3104193
  13 |    0 |  509 | 3653537
  14 |  318 |  353 | 3705261
  15 |   90 |  267 | 3838500
  16 |  420 |  795 | 3867330
  17 |  153 |  811 | 4019595
  18 |   30 |  471 | 4152024
  19 |  803 |  807 | 4262726
  20 |   23 |  366 | 4323225
  21 |  182 |  592 | 4325190
  22 |  183 |  865 | 4536366
  23 |  388 |  651 | 4606619
  24 |  177 |  326 | 4623454
  25 |  195 |  652 | 5176890
  26 |  168 |  644 | 5221451
  27 |  357 |  730 | 5607969
  28 |  462 |  538 | 5653954
  29 |  854 |  929 | 5902373
  30 |   16 |  393 | 6065174
  31 |  447 |  596 | 6080157
  32 |  207 |  465 | 6705251
  33 |  215 |  431 | 6799189
  34 |   42 |  264 | 6804626
  35 |  554 |  982 | 7055877
  36 |  490 |  967 | 7116126
  37 |  283 |  927 | 7337165
  38 |   46 |  282 | 7419237
  39 |   89 |  591 | 7442190
  40 |  367 |  796 | 7635141
  41 |    4 |   80 | 7653830
  42 |  531 |  630 | 7666153
  43 |  617 |  951 | 7701834
  44 |  294 |  805 | 7822058
  45 |   71 |  487 | 7891821
  46 |  362 |  506 | 7910881
  47 |  172 |  314 | 8318118
  48 |  563 |  903 | 8536373
  49 |  527 |  994 | 8841618
  50 |  127 |  661 | 8870286
  51 |   35 |   79 | 9004749
  52 |  159 |  822 | 9139466
  53 |  386 |  874 | 9146225
  54 |   87 |  755 | 9229795
  55 |  399 |  422 | 9373355
  56 |  145 |  974 | 9748344
  57 |  617 |  678 | 9750809
  58 |  742 |  756 | 9808053
  59 |  193 |  958 | 9867437
  60 |  319 |  665 | 10232225
  61 |   40 |  477 | 10331480
  62 |   68 |  445 | 10389544
  63 |  373 |  656 | 10509268
  64 |   54 |  747 | 10656740
  65 |  454 |  698 | 10933469
  66 |  648 |  900 | 11222414
  67 |  359 |  405 | 11513846
  68 |  188 |  710 | 11662994
  69 |  944 |  947 | 11729361
  70 |  585 |  838 | 11952569
  71 |  201 |  935 | 11989653
  72 |  278 |  908 | 11993921
  73 |  302 |  975 | 12194069
  74 |  225 |  233 | 12210809
  75 |  198 |  573 | 12213645
  76 |  104 |  886 | 12233342
  77 |  438 |  897 | 12424865
  78 |  372 |  978 | 12445369
  79 |  690 |  824 | 12532193
  80 |  366 |  786 | 12627766
  81 |  542 |  794 | 12675793
  82 |  105 |  769 | 12684110
  83 |  831 |  845 | 12816075
  84 |  166 |  961 | 12880440
  85 |   72 |  226 | 13049618
  86 |   94 |  586 | 13204372
  87 |  452 |  837 | 13319130
  88 |  385 |  710 | 13374836
  89 |  158 |  372 | 13407134
  90 |  241 |  767 | 13506734
  91 |  112 |  140 | 13655165
  92 |  163 |  550 | 13684728
  93 |  133 |  424 | 13732782
  94 |   19 |  635 | 13850729
  95 |  194 |  554 | 13934189
  96 |  506 |  800 | 13985081
  97 |   10 |  571 | 13998514
  98 |  200 |  864 | 14052021
  99 |  480 |  898 | 14207507
 100 |   21 |  881 | 14213342
 101 |  413 |  771 | 14319853
 102 |  249 |  783 | 14559466
 103 |  257 |  850 | 14677577
 104 |    8 |  754 | 14734685
 105 |  161 |  544 | 14996593
 106 |  144 |  981 | 15070345
 107 |  647 |  976 | 15203393
 108 |  803 |  904 | 15249064
 109 |  105 |  729 | 15281313
 110 |   73 |  626 | 15642150
 111 |  717 |  907 | 15680430
 112 |   16 |  778 | 15712625
 113 |   72 |  627 | 15714968
 114 |  209 |  674 | 15726445
 115 |  392 |  736 | 15830931
 116 |  232 |  602 | 15833774
 117 |   20 |  858 | 15885893
 118 |  683 |  726 | 15889282
 119 |   22 |  294 | 15931275
 120 |  394 |  628 | 16047594
 121 |  731 |  775 | 16070069
 122 |  570 |  924 | 16083339
 123 |  551 |  921 | 16176133
 124 |  326 |  368 | 16317174
 125 |  340 |  831 | 16324210
 126 |   55 |  705 | 16414004
 127 |  547 |  782 | 16533549
 128 |  415 |  445 | 16644758
 129 |  385 |  902 | 16662419
 130 |  483 |  916 | 16666677
 131 |   77 |  727 | 16672246
 132 |   27 |  990 | 16753217
 133 |  562 |  662 | 16780274
 134 |   34 |  256 | 16803454
 135 |  307 |  505 | 17116658
 136 |  211 |  659 | 17263946
 137 |  843 |  877 | 17276598
 138 |  278 |  325 | 17298782
 139 |  238 |  596 | 17323817
 140 |   98 |  588 | 17330574
 141 |  521 |  962 | 17346660
 142 |  173 |  696 | 17355285
 143 |  700 |  809 | 17358291
 144 |  267 |  356 | 17463229
 145 |  267 |  316 | 17509509
 146 |  681 |  789 | 17579861
 147 |  341 |  402 | 17662934
 148 |  560 |  763 | 17667346
 149 |  686 |  964 | 17746182
 150 |   88 |  688 | 17819198
 151 |   18 |  575 | 17877074
 152 |  541 |  581 | 18117662
 153 |  577 |  776 | 18246510
 154 |  312 |  321 | 18258181
 155 |  169 |  343 | 18321389
 156 |  427 |  550 | 18343406
 157 |  192 |  648 | 18405110
 158 |  243 |  837 | 18429113
 159 |  653 |  996 | 18454403
 160 |  645 |  762 | 18556617
 161 |  232 |  955 | 18599571
 162 |  298 |  526 | 18601611
 163 |  374 |  910 | 18611333
 164 |  393 |  819 | 18621198
 165 |  149 |  444 | 18762158
 166 |  607 |  684 | 18785261
 167 |  509 |  614 | 18814238
 168 |  132 |  805 | 18819209
 169 |  192 |  299 | 18850690
 170 |  363 |  692 | 18913761
 171 |  176 |  793 | 19082904
 172 |  901 |  911 | 19084705
 173 |  372 |  457 | 19088662
 174 |   65 |  651 | 19125769
 175 |    9 |  601 | 19255902
 176 |  134 |  759 | 19707884
 177 |  225 |  855 | 19737865
 178 |  313 |  939 | 19754958
 179 |  100 |  860 | 19758234
 180 |  336 |  819 | 19769651
 181 |    7 |  556 | 20006169
 182 |  525 |  699 | 20030201
 183 |  192 |  715 | 20119385
 184 |  547 |  559 | 20124013
 185 |  418 |  772 | 20130062
 186 |   91 |  677 | 20331213
 187 |  159 |  818 | 20377166
 188 |  513 |  919 | 20436641
 189 |  168 |  781 | 20478936
 190 |  403 |  486 | 20504116
 191 |  356 |  658 | 20658369
 192 |   57 |  841 | 20665333
 193 |   64 |  434 | 20755517
 194 |  396 |  945 | 20831217
 195 |  595 |  676 | 21089602
 196 |  411 |  612 | 21103662
 197 |  717 |  896 | 21487754
 198 |  244 |  815 | 21553754
 199 |  370 |  806 | 21594854
 200 |  124 |  669 | 21598890
 201 |  482 |  572 | 21778269
 202 |  382 |  595 | 21826685
 203 |  639 |  699 | 21851125
 204 |   60 |  993 | 21938899
 205 |  518 |  578 | 22102322
 206 |  368 |  752 | 22152910
 207 |  270 |  809 | 22191030
 208 |   67 |  317 | 22216449
 209 |  189 |  830 | 22241442
 210 |  801 |  866 | 22286261
 211 |  904 |  909 | 22314242
 212 |  676 |  714 | 22451049
 213 |  476 |  566 | 22532522
 214 |   89 |  835 | 22584854
 215 |  682 |  916 | 22628853
 216 |  315 |  750 | 22637181
 217 |   77 |  461 | 22702658
 218 |  449 |  595 | 22769816
 219 |  239 |  926 | 23037481
 220 |  559 |  753 | 23104897
 221 |   75 |  208 | 23230309
 222 |   52 |  271 | 23417546
 223 |  266 |  777 | 23429550
 224 |  584 |  834 | 23605773
 225 |    6 |  282 | 23628742
 226 |  904 |  988 | 23638065
 227 |  410 |  479 | 23850301
 228 |  403 |  519 | 24019579
 229 |  328 |  543 | 24092876
 230 |  183 |  822 | 24112073
 231 |  306 |  674 | 24141389
 232 |  326 |  451 | 24174185
 233 |  446 |  770 | 24218235
 234 |  354 |  576 | 24218901
 235 |  268 |  456 | 24244109
 236 |   88 |  869 | 24454173
 237 |  925 |  933 | 24536069
 238 |  190 |  446 | 24658542
 239 |  419 |  914 | 24725264
 240 |  170 |  771 | 24779898
 241 |  342 |  886 | 24847796
 242 |   57 |  643 | 24887861
 243 |  260 |  895 | 24896065
 244 |  518 |  692 | 24898026
 245 |  304 |  349 | 24900326
 246 |   76 |  944 | 24991632
 247 |  614 |  784 | 25007870
 248 |  855 |  946 | 25086814
 249 |   32 |  181 | 25099801
 250 |  421 |  930 | 25100281
 251 |  604 |  868 | 25123685
 252 |  503 |  840 | 25131051
 253 |  297 |  536 | 25179473
 254 |  613 |  673 | 25181595
 255 |  418 |  743 | 25321595
 256 |  176 |  270 | 25338709
 257 |  132 |  242 | 25339121
 258 |  342 |  678 | 25375668
 259 |   85 |  894 | 25465034
 260 |   48 |  475 | 25515254
 261 |  365 |  812 | 25535485
 262 |  371 |  919 | 25558165
 263 |  468 |  714 | 25584258
 264 |  273 |  340 | 25705569
 265 |  654 |  977 | 25746469
 266 |  535 |  894 | 25904996
 267 |  211 |  813 | 26002388
 268 |  702 |  972 | 26084669
 269 |  170 |  916 | 26140984
 270 |  303 |  954 | 26189496
 271 |  107 |  747 | 26222298
 272 |  563 |  672 | 26361917
 273 |  236 |  444 | 26381537
 274 |  289 |  291 | 26443738
 275 |   75 |  587 | 26503650
 276 |  377 |  605 | 26527674
 277 |  234 |  480 | 26591694
 278 |   24 |  906 | 26611245
 279 |  585 |  792 | 26666569
 280 |  697 |  843 | 26755082
 281 |   82 |  345 | 26877603
 282 |  247 |  585 | 26885693
 283 |  699 |  789 | 27198806
 284 |  920 |  999 | 27215139
 285 |  731 |  957 | 27261545
 286 |  898 |  972 | 27503217
 287 |   86 |  504 | 27527346
 288 |  221 |  672 | 27619953
 289 |  336 |  823 | 27801366
 290 |   10 |  594 | 27807729
 291 |  233 |  581 | 27822786
 292 |  164 |  740 | 28215554
 293 |  272 |  933 | 28332249
 294 |  129 |  409 | 28398706
 295 |  401 |  598 | 28492517
 296 |  354 |  997 | 28552802
 297 |    6 |   97 | 28643905
 298 |   62 |   80 | 28643986
 299 |  521 |  608 | 28663601
 300 |  322 |  932 | 28782581
 301 |  157 |  832 | 28820290
 302 |  197 |  541 | 29049356
 303 |   34 |  851 | 29106333
 304 |  318 |  329 | 29127953
 305 |  217 |  386 | 29136074
 306 |   37 |  364 | 29170322
 307 |  453 |  902 | 29216187
 308 |  174 |  337 | 29278285
 309 |  201 |  487 | 29284360
 310 |  392 |  435 | 29322130
 311 |  684 |  926 | 29389091
 312 |  515 |  940 | 29482409
 313 |   15 |  645 | 29488179
 314 |  207 |  758 | 29620289
 315 |   36 |  861 | 29624101
 316 |  128 |  619 | 29757766
 317 |  619 |  989 | 29858226
 318 |  701 |  858 | 29941934
 319 |  611 |  650 | 29958853
 320 |  145 |  369 | 30067936
 321 |  444 |  732 | 30094326
 322 |  563 |  621 | 30417587
 323 |  676 |  952 | 30454414
 324 |  657 |  879 | 30498888
 325 |  257 |  551 | 30514509
 326 |  370 |  926 | 30559106
 327 |  263 |  439 | 30682053
 328 |  373 |  460 | 30690907
 329 |   74 |  873 | 30716024
 330 |  625 |  707 | 30839030
 331 |  804 |  952 | 30908099
 332 |  208 |  767 | 30949853
 333 |  329 |  809 | 31090996
 334 |  478 |  623 | 31099490
 335 |    2 |  264 | 31130811
 336 |  247 |  741 | 31135930
 337 |  557 |  915 | 31278266
 338 |  709 |  878 | 31445100
 339 |  333 |  593 | 31590344
 340 |  156 |  528 | 31623819
 341 |  347 |  992 | 31721274
 342 |  387 |  530 | 31886241
 343 |  171 |  494 | 31914974
 344 |  150 |  442 | 32069373
 345 |  532 |  712 | 32206586
 346 |  295 |  583 | 32537489
 347 |   97 |   98 | 32674562
 348 |    9 |  979 | 32854981
 349 |  671 |  906 | 32886086
 350 |  618 |  935 | 32892429
 351 |  542 |  576 | 32943060
 352 |  196 |  685 | 32948441
 353 |  328 |  866 | 32995606
 354 |   49 |  511 | 33143204
 355 |  687 |  779 | 33334674
 356 |  227 |  374 | 33442722
 357 |   98 |  627 | 33488662
 358 |  423 |  633 | 33566985
 359 |  377 |  589 | 33606645
 360 |  173 |  540 | 33665749
 361 |  766 |  841 | 33708574
 362 |  206 |  252 | 33886945
 363 |  762 |  942 | 33906654
 364 |   85 |  846 | 34044147
 365 |  609 |  854 | 34133931
 366 |  384 |  778 | 34245161
 367 |  180 |  637 | 34330116
 368 |  469 |  564 | 34420217
 369 |  216 |  495 | 34516846
 370 |   53 |  230 | 34646366
 371 |   51 |  483 | 34659349
 372 |    5 |  528 | 34717698
 373 |   80 |  296 | 34834419
 374 |  198 |  508 | 35118938
 375 |  265 |  424 | 35184275
 376 |  191 |  463 | 35359130
 377 |  219 |  312 | 35488582
 378 |  143 |  614 | 35502429
 379 |  704 |  788 | 35526853
 380 |  358 |  873 | 35626120
 381 |  491 |  575 | 35681736
 382 |   84 |  830 | 35761834
 383 |  248 |  882 | 35815321
 384 |  273 |  656 | 35827298
 385 |  365 |  440 | 35829562
 386 |  634 |  726 | 35908318
 387 |  212 |  780 | 36030765
 388 |  277 |  442 | 36047737
 389 |   44 |  893 | 36350193
 390 |   53 |  429 | 36544529
 391 |  125 |  995 | 36593565
 392 |  353 |  970 | 36694817
 393 |  202 |  263 | 36696753
 394 |   14 |  597 | 36718331
 395 |  649 |  753 | 36772742
 396 |   59 |  199 | 36862241
 397 |  126 |  895 | 36964169
 398 |  838 |  925 | 37048746
 399 |  286 |  537 | 37270314
 400 |  410 |  649 | 37294386
 401 |  442 |  860 | 37330019
 402 |  745 |  853 | 37356801
 403 |  175 |  216 | 37547450
 404 |  116 |  879 | 37551182
 405 |   51 |  398 | 37585009
 406 |   17 |  813 | 37585160
 407 |   92 |  642 | 37856997
 408 |  615 |  983 | 37902266
 409 |  687 |  943 | 37935717
 410 |  413 |  578 | 37964621
 411 |  314 |  548 | 38090306
 412 |  434 |  793 | 38094630
 413 |  325 |  364 | 38160774
 414 |  180 |  613 | 38203236
 415 |  540 |  703 | 38384366
 416 |  437 |  762 | 38439509
 417 |   60 |  562 | 38510162
 418 |  164 |  408 | 38697045
 419 |  568 |  580 | 38775777
 420 |   15 |  622 | 38830789
 421 |  237 |  654 | 38840761
 422 |  214 |  996 | 38865336
 423 |  290 |  533 | 38926896
 424 |   52 |  525 | 38983378
 425 |  300 |  683 | 39035891
 426 |  293 |  770 | 39115830
 427 |    0 |  103 | 39168026
 428 |  512 |  807 | 39243886
 429 |   41 |  452 | 39310401
 430 |  430 |  867 | 39311981
 431 |  117 |  312 | 39579537
 432 |  837 |  895 | 39806161
 433 |  383 |  565 | 39882909
 434 |  568 |  607 | 39889825
 435 |  291 |  370 | 39968176
 436 |  193 |  427 | 40026125
 437 |  350 |  878 | 40072913
 438 |  258 |  869 | 40086325
 439 |   56 |  507 | 40107281
 440 |  522 |  947 | 40143091
 441 |  523 |  884 | 40236377
 442 |   88 |  638 | 40243686
 443 |  518 |  582 | 40276225
 444 |  650 |  847 | 40357686
 445 |  230 |  463 | 40409201
 446 |  468 |  779 | 40430434
 447 |    1 |  116 | 40436049
 448 |  381 |  397 | 40537645
 449 |  550 |  743 | 40797117
 450 |  385 |  484 | 40816134
 451 |  502 |  918 | 40853870
 452 |  112 |  721 | 40946066
 453 |   60 |  620 | 40956997
 454 |  128 |  757 | 40999190
 455 |  138 |  737 | 41032241
 456 |  480 |  802 | 41295557
 457 |  145 |  464 | 41688477
 458 |  310 |  725 | 41746444
 459 |  367 |  500 | 41774013
 460 |  744 |  884 | 41785457
 461 |  248 |  436 | 41844515
 462 |  791 |  826 | 42086835
 463 |  309 |  876 | 42087878
 464 |  169 |  843 | 42092073
 465 |  436 |  965 | 42208149
 466 |  118 |  638 | 42378979
 467 |  102 |  790 | 42541661
 468 |  178 |  995 | 42601710
 469 |  347 |  930 | 42636770
 470 |  555 |  989 | 42640881
 471 |  250 |  453 | 42654841
 472 |  116 |  424 | 42656769
 473 |  125 |  826 | 42733662
 474 |  129 |  598 | 42860235
 475 |  488 |  641 | 42973934
 476 |  209 |  488 | 43043114
 477 |  507 |  947 | 43071806
 478 |  293 |  355 | 43092571
 479 |  360 |  493 | 43101518
 480 |   97 |  283 | 43227910
 481 |  165 |  389 | 43440921
 482 |  365 |  442 | 43504774
 483 |  101 |  744 | 43507816
 484 |  195 |  821 | 43580773
 485 |  220 |  421 | 43638122
 486 |  310 |  799 | 43655659
 487 |  259 |  857 | 43827746
 488 |   82 |  293 | 43898554
 489 |   10 |  862 | 44080409
 490 |  198 |  328 | 44132713
 491 |  476 |  988 | 44266717
 492 |   58 |  833 | 44289778
 493 |   90 |  215 | 44372362
 494 |  655 |  993 | 44589025
 495 |  388 |  724 | 44610947
 496 |  289 |  816 | 44732018
 497 |  169 |  918 | 44842475
 498 |  254 |  886 | 44931017
 499 |  305 |  471 | 44962554
 500 |  425 |  868 | 44967765
 501 |  259 |  569 | 45125731
 502 |  317 |  757 | 45139930
 503 |  180 |  448 | 45217121
 504 |  640 |  709 | 45363974
 505 |   91 |  559 | 45397128
 506 |  551 |  561 | 45540093
 507 |  703 |  856 | 45638573
 508 |  321 |  700 | 45661578
 509 |  300 |  930 | 45787668
 510 |  662 |  958 | 45797474
 511 |   11 |  480 | 45809933
 512 |  162 |  212 | 45844025
 513 |  115 |  178 | 45857678
 514 |  519 |  756 | 45918681
 515 |  494 |  830 | 46007722
 516 |  273 |  689 | 46030578
 517 |  274 |  491 | 46124454
 518 |  177 |  378 | 46248834
 519 |  279 |  315 | 46445406
 520 |   23 |  545 | 46512980
 521 |  753 |  852 | 46550474
 522 |   89 |  936 | 46819214
 523 |  247 |  668 | 46848401
 524 |  405 |  588 | 46898709
 525 |  256 |  505 | 46901126
 526 |  288 |  811 | 46967729
 527 |   15 |  803 | 47023125
 528 |  155 |  327 | 47074184
 529 |  119 |  874 | 47193494
 530 |  655 |  721 | 47386310
 531 |  604 |  899 | 47399221
 532 |  149 |  986 | 47437673
 533 |  261 |  536 | 47486441
 534 |   45 |  315 | 47579444
 535 |  829 |  996 | 47789478
 536 |  510 |  575 | 47872680
 537 |   41 |  778 | 47905770
 538 |   37 |   76 | 48016754
 539 |  722 |  938 | 48038184
 540 |  137 |  361 | 48040500
 541 |  141 |  706 | 48174442
 542 |  429 |  758 | 48388748
 543 |   52 |  287 | 48442949
 544 |  251 |  800 | 48477950
 545 |  795 |  839 | 48500873
 546 |  214 |  498 | 48532677
 547 |  106 |  666 | 48593613
 548 |  117 |  759 | 48675336
 549 |  118 |  569 | 48698081
 550 |  126 |  330 | 49035861
 551 |  397 |  941 | 49154413
 552 |  221 |  228 | 49217458
 553 |  700 |  973 | 49254498
 554 |  568 |  939 | 49262126
 555 |  634 |  682 | 49367286
 556 |   29 |  987 | 49411970
 557 |  254 |  726 | 49619441
 558 |  723 |  901 | 49623866
 559 |  102 |  941 | 49624929
 560 |  588 |  718 | 49679969
 561 |  331 |  598 | 49757501
 562 |  241 |  498 | 49856102
 563 |   93 |  632 | 50022701
 564 |   20 |  770 | 50199290
 565 |  379 |  586 | 50251834
 566 |  251 |  268 | 50276010
 567 |  470 |  921 | 50322949
 568 |   53 |  600 | 50506013
 569 |  372 |  716 | 50608350
 570 |  579 |  993 | 50657333
 571 |  258 |  337 | 50674731
 572 |  593 |  642 | 50677334
 573 |  325 |  351 | 50880650
 574 |  260 |  883 | 50915706
 575 |  643 |  834 | 50921603
 576 |  250 |  763 | 51190854
 577 |  323 |  695 | 51400310
 578 |  102 |  981 | 51417378
 579 |  226 |  274 | 51507945
 580 |  350 |  759 | 51516637
 581 |  619 |  733 | 51524022
 582 |  842 |  976 | 51557465
 583 |  422 |  792 | 51641861
 584 |  558 |  832 | 51651726
 585 |  305 |  549 | 51674214
 586 |  775 |  814 | 51750520
 587 |  349 |  902 | 51859374
 588 |  324 |  383 | 51987117
 589 |   79 |  234 | 52098906
 590 |  524 |  630 | 52134342
 591 |  934 |  987 | 52300010
 592 |  392 |  666 | 52330254
 593 |  501 |  960 | 52330925
 594 |  197 |  246 | 52363445
 595 |  434 |  679 | 52410764
 596 |  154 |  725 | 52499380
 597 |   38 |  679 | 52534206
 598 |   68 |  750 | 52536457
 599 |  138 |  186 | 52667505
 600 |  280 |  888 | 52783709
 601 |    7 |  673 | 52834811
 602 |  754 |  851 | 53218133
 603 |    3 |  416 | 53229881
 604 |  163 |  514 | 53286805
 605 |  974 |  989 | 53421441
 606 |  255 |  748 | 53548121
 607 |   95 |  670 | 53552945
 608 |  161 |  793 | 53624401
 609 |  549 |  633 | 53625534
 610 |  557 |  602 | 53627161
 611 |  317 |  553 | 53631773
 612 |   33 |  693 | 53716289
 613 |  539 |  620 | 53930132
 614 |   28 |  761 | 54017761
 615 |  779 |  980 | 54027050
 616 |  749 |  780 | 54220161
 617 |  411 |  764 | 54260681
 618 |  431 |  699 | 54265913
 619 |  297 |  424 | 54275698
 620 |  374 |  560 | 54303318
 621 |  217 |  311 | 54442134
 622 |  366 |  534 | 54461598
 623 |  363 |  390 | 54485469
 624 |  361 |  583 | 54543553
 625 |  466 |  641 | 54553587
 626 |   49 |  683 | 54556886
 627 |  760 |  769 | 54559422
 628 |   18 |  246 | 54565572
 629 |  486 |  914 | 54633289
 630 |  603 |  786 | 54677113
 631 |  481 |  694 | 54714116
 632 |  276 |  557 | 54735062
 633 |  219 |  742 | 54755797
 634 |   28 |  845 | 54859467
 635 |  332 |  791 | 55113435
 636 |  113 |  797 | 55117697
 637 |    1 |  704 | 55167422
 638 |  430 |  577 | 55177902
 639 |   99 |  304 | 55224002
 640 |  114 |  443 | 55312669
 641 |  111 |  241 | 55460750
 642 |  474 |  953 | 55656838
 643 |  102 |  475 | 55756477
 644 |   55 |  424 | 55975598
 645 |   26 |  261 | 56042881
 646 |  361 |  954 | 56073661
 647 |  121 |  330 | 56177681
 648 |   68 |  323 | 56562841
 649 |  501 |  840 | 56595115
 650 |  425 |  859 | 56705364
 651 |  698 |  713 | 56901998
 652 |  623 |  939 | 56929576
 653 |  286 |  487 | 57206696
 654 |    7 |  274 | 57232485
 655 |  548 |  590 | 57272771
 656 |  685 |  774 | 57275880
 657 |  343 |  454 | 57418691
 658 |  253 |  438 | 57446125
 659 |  204 |  693 | 57470276
 660 |  524 |  685 | 57569748
 661 |  395 |  461 | 57590078
 662 |  323 |  430 | 57597190
 663 |  566 |  775 | 57622443
 664 |  834 |  963 | 57679538
 665 |  546 |  691 | 57694579
 666 |  454 |  717 | 57755924
 667 |  197 |  798 | 57788169
 668 |   65 |  112 | 57993566
 669 |   47 |  134 | 58071081
 670 |  236 |  527 | 58095970
 671 |  264 |  455 | 58113964
 672 |  532 |  738 | 58132130
 673 |  777 |  960 | 58225734
 674 |  255 |  662 | 58243604
 675 |  165 |  923 | 58383146
 676 |  665 |  983 | 58412701
 677 |  389 |  856 | 58649873
 678 |  535 |  642 | 58773614
 679 |  412 |  618 | 58933300
 680 |  175 |  818 | 58946353
 681 |  185 |  467 | 59066838
 682 |  313 |  588 | 59102289
 683 |   91 |  202 | 59231668
 684 |   50 |   99 | 59300597
 685 |  406 |  668 | 59343141
 686 |   66 |  341 | 59377837
 687 |   45 |  395 | 59548736
 688 |   66 |  187 | 59722872
 689 |  365 |  677 | 59830326
 690 |  108 |  474 | 59903281
 691 |  348 |  655 | 60041302
 692 |   19 |  723 | 60197472
 693 |  180 |  773 | 60376350
 694 |   59 |  850 | 60382196
 695 |  323 |  374 | 60705773
 696 |  126 |  520 | 60733496
 697 |   58 |  456 | 60749867
 698 |  200 |  266 | 60764462
 699 |  149 |  189 | 60936329
 700 |   26 |  244 | 60981378
 701 |   21 |  641 | 61075458
 702 |  485 |  852 | 61282649
 703 |  120 |  160 | 61590539
 704 |  307 |  359 | 62307929
 705 |  301 |  569 | 62774651
 706 |  184 |  845 | 62884841
 707 |  152 |  835 | 63001748
 708 |  121 |  587 | 63084614
 709 |  677 |  913 | 63092793
 710 |   12 |  873 | 63170109
 711 |  162 |  572 | 63171835
 712 |  391 |  485 | 63579142
 713 |    4 |  836 | 63584654
 714 |  680 |  716 | 63590458
 715 |  199 |  750 | 63623426
 716 |   64 |  210 | 63677509
 717 |   54 |  336 | 63791234
 718 |   83 |  505 | 63823818
 719 |   73 |  588 | 63950729
 720 |  472 |  807 | 64028582
 721 |  632 |  903 | 64043341
 722 |  338 |  917 | 64130622
 723 |  538 |  673 | 64133066
 724 |   54 |  908 | 64342278
 725 |  117 |  147 | 64422905
 726 |  147 |  938 | 64621070
 727 |  523 |  729 | 64672790
 728 |  517 |  831 | 64856126
 729 |  198 |  546 | 64946861
 730 |  222 |  268 | 64989337
 731 |   83 |  660 | 65265246
 732 |   27 |  335 | 65594974
 733 |  655 |  885 | 65726091
 734 |  290 |  955 | 65822411
 735 |  671 |  835 | 66277866
 736 |   19 |  320 | 66299252
 737 |  641 |  928 | 66338642
 738 |  123 |  599 | 66360601
 739 |  264 |  666 | 66402526
 740 |  439 |  513 | 66570714
 741 |   30 |  730 | 66724051
 742 |   14 |  817 | 66813080
 743 |  482 |  682 | 66844003
 744 |  414 |  660 | 67027066
 745 |   77 |   96 | 67180061
 746 |  462 |  739 | 67450235
 747 |   25 |  103 | 67549150
 748 |  121 |  333 | 67576985
 749 |  332 |  358 | 67821768
 750 |  380 |  953 | 67879510
 751 |  371 |  636 | 67891246
 752 |  344 |  760 | 68013252
 753 |  188 |  670 | 68101046
 754 |  529 |  716 | 68133978
 755 |  489 |  821 | 68165253
 756 |  130 |  994 | 68239659
 757 |  131 |  184 | 68300838
 758 |  230 |  321 | 68607053
 759 |  261 |  912 | 68960750
 760 |  573 |  576 | 68981637
 761 |  298 |  582 | 69037641
 762 |  232 |  269 | 69117890
 763 |  122 |  242 | 69153621
 764 |  450 |  915 | 69191410
 765 |  667 |  785 | 69478649
 766 |   83 |  863 | 69591990
 767 |  181 |  443 | 69721136
 768 |  329 |  810 | 69829761
 769 |  773 |  774 | 69986148
 770 |  259 |  948 | 70092309
 771 |  474 |  729 | 70321419
 772 |  320 |  626 | 70403128
 773 |  240 |  514 | 70404669
 774 |  663 |  970 | 70437353
 775 |  205 |  940 | 70595189
 776 |  663 |  890 | 70612286
 777 |  364 |  993 | 70699314
 778 |  118 |  735 | 71049893
 779 |  455 |  704 | 71096336
 780 |  765 |  872 | 71209259
 781 |  485 |  672 | 71305718
 782 |  390 |  675 | 71440848
 783 |  618 |  797 | 71474035
 784 |  432 |  686 | 71492260
 785 |   96 |  690 | 71543379
 786 |  734 |  919 | 71621902
 787 |  720 |  815 | 71706962
 788 |  472 |  711 | 71730881
 789 |  249 |  610 | 71818465
 790 |  186 |  979 | 72058067
 791 |  220 |  889 | 72060749
 792 |   44 |  423 | 72093667
 793 |  469 |  539 | 72102533
 794 |  112 |  936 | 72228246
 795 |  595 |  707 | 72358689
 796 |  122 |  815 | 72417765
 797 |  739 |  849 | 72725642
 798 |  113 |  675 | 72757114
 799 |  447 |  553 | 72837134
 800 |  687 |  946 | 73297626
 801 |  245 |  470 | 73660793
 802 |   69 |  278 | 73823830
 803 |  490 |  565 | 73833345
 804 |  565 |  910 | 73877298
 805 |  706 |  956 | 73923233
 806 |   40 |  892 | 73943365
 807 |   39 |  272 | 74004661
 808 |  203 |  724 | 74282058
 809 |  200 |  736 | 74294331
 810 |  281 |  849 | 74420242
 811 |  262 |  746 | 74431106
 812 |  108 |  697 | 74573813
 813 |  398 |  590 | 74704913
 814 |  231 |  978 | 74767915
 815 |  281 |  728 | 74774826
 816 |  204 |  543 | 74829766
 817 |  231 |  308 | 74852795
 818 |   71 |  171 | 75084754
 819 |  715 |  939 | 75196820
 820 |  570 |  774 | 75298146
 821 |  209 |  782 | 75312726
 822 |  335 |  594 | 75428321
 823 |   21 |  367 | 75476202
 824 |  237 |  628 | 75556949
 825 |  500 |  899 | 75649396
 826 |  240 |  872 | 75940090
 827 |  591 |  839 | 76190736
 828 |  302 |  966 | 76307162
 829 |  977 |  996 | 76521144
 830 |  665 |  719 | 76526342
 831 |   43 |  278 | 76552321
 832 |  543 |  785 | 76591338
 833 |  825 |  924 | 76842289
 834 |  220 |  984 | 76886291
 835 |  496 |  839 | 77092994
 836 |  120 |  925 | 77219012
 837 |  708 |  959 | 77316025
 838 |  338 |  691 | 77446638
 839 |  669 |  860 | 77605697
 840 |  273 |  375 | 77674925
 841 |  229 |  338 | 77877432
 842 |  353 |  459 | 77981779
 843 |  169 |  932 | 78160085
 844 |  567 |  698 | 78286725
 845 |  552 |  695 | 78524029
 846 |  142 |  335 | 78887918
 847 |  167 |  275 | 78967544
 848 |  173 |  404 | 78979374
 849 |  650 |  981 | 78997826
 850 |  517 |  592 | 79072729
 851 |    2 |  453 | 79082097
 852 |  578 |  658 | 79107435
 853 |  288 |  913 | 79263442
 854 |  379 |  429 | 79328196
 855 |  365 |  968 | 79575970
 856 |  853 |  963 | 79683179
 857 |  153 |  361 | 79895290
 858 |   25 |  290 | 79942286
 859 |  447 |  574 | 80059579
 860 |  109 |  976 | 80274533
 861 |  616 |  943 | 80289678
 862 |  279 |  371 | 80293970
 863 |  155 |  842 | 80365731
 864 |  875 |  883 | 80390196
 865 |  100 |  402 | 80409289
 866 |  668 |  798 | 80581384
 867 |   70 |  164 | 80634738
 868 |  775 |  984 | 80639460
 869 |  528 |  780 | 81011061
 870 |  635 |  712 | 81056211
 871 |  497 |  755 | 81425228
 872 |  608 |  950 | 81485421
 873 |  204 |  886 | 81654497
 874 |  574 |  701 | 81907133
 875 |  427 |  844 | 81978566
 876 |  409 |  540 | 82048872
 877 |  688 |  896 | 82710458
 878 |   31 |  520 | 82742133
 879 |  166 |  696 | 82910075
 880 |   12 |  260 | 82980922
 881 |  352 |  765 | 83040814
 882 |  516 |  875 | 83262539
 883 |   63 |  954 | 83314670
 884 |  616 |  788 | 83423595
 885 |  647 |  728 | 83464984
 886 |  644 |  745 | 83487142
 887 |  801 |  876 | 83713946
 888 |  414 |  766 | 83907396
 889 |    9 |  529 | 83935419
 890 |  469 |  608 | 84002906
 891 |  275 |  642 | 84037826
 892 |  148 |  496 | 84123222
 893 |  115 |  136 | 84732474
 894 |  739 |  817 | 84796490
 895 |  110 |  394 | 85315082
 896 |   80 |   81 | 85731534
 897 |  252 |  309 | 85779149
 898 |  848 |  897 | 86088059
 899 |  229 |  589 | 86304875
 900 |  339 |  610 | 86578773
 901 |  311 |  495 | 86853131
 902 |   50 |  345 | 87277834
 903 |  389 |  733 | 87352708
 904 |   38 |  235 | 87495209
 905 |  284 |  975 | 87711126
 906 |  242 |  975 | 87884478
 907 |    5 |  285 | 87939646
 908 |   12 |  229 | 87978582
 909 |  806 |  934 | 88145189
 910 |  161 |  376 | 88221186
 911 |  757 |  962 | 88226477
 912 |   44 |  379 | 88413531
 913 |  213 |  532 | 88523537
 914 |  185 |  280 | 88848185
 915 |  492 |  553 | 88998398
 916 |   99 |  205 | 89212757
 917 |  460 |  589 | 89275318
 918 |  450 |  748 | 89503340
 919 |  367 |  746 | 89744594
 920 |  427 |  611 | 89866260
 921 |   87 |  334 | 89924245
 922 |  380 |  827 | 90243054
 923 |  407 |  644 | 90380411
 924 |  337 |  661 | 90716909
 925 |  783 |  949 | 91971851
 926 |  231 |  428 | 92328362
 927 |   13 |  561 | 92875259
 928 |    7 |  222 | 92946266
 929 |  119 |  377 | 92984186
 930 |   78 |  154 | 93055030
 931 |  177 |  748 | 93497294
 932 |   78 |  349 | 93545032
 933 |  969 |  984 | 94042621
 934 |  497 |  748 | 94301494
 935 |  213 |  878 | 94395651
 936 |  387 |  864 | 95666001
 937 |  346 |  732 | 95851358
 938 |  465 |  971 | 96130011
 939 |  185 |  426 | 97085406
 940 |  135 |  289 | 97264634
 941 |   93 |  787 | 97345601
 942 |   24 |  905 | 97517300
 943 |  650 |  991 | 97710809
 944 |  107 |  339 | 97994394
 945 |  319 |  592 | 98659674
 946 |  499 |  609 | 99072877
 947 |  493 |  890 | 99120906
 948 |  146 |  681 | 99377521
 949 |   86 |  772 | 100165910
 950 |  380 |  417 | 100483830
 951 |  311 |  985 | 101002994
 952 |  111 |  764 | 101678621
 953 |  158 |  533 | 101881130
 954 |  891 |  892 | 102008290
 955 |  223 |  962 | 102628545
 956 |  481 |  509 | 102656102
 957 |  554 |  892 | 102836033
 958 |  301 |  821 | 103367813
 959 |  931 |  985 | 104523603
 960 |  114 |  308 | 105250385
 961 |  514 |  629 | 106667878
 962 |  820 |  960 | 107561261
 963 |  658 |  897 | 107891715
 964 |  131 |  646 | 108639453
 965 |  631 |  636 | 109356014
 966 |  397 |  441 | 110044811
 967 |  545 |  859 | 110355966
 968 |  606 |  887 | 110626859
 969 |  414 |  473 | 111973939
 970 |  141 |  724 | 113141986
 971 |  433 |  846 | 115314173
 972 |  151 |  787 | 115632354
 973 |  269 |  964 | 115824930
 974 |  292 |  335 | 115979746
 975 |  211 |  971 | 116225864
 976 |  708 |  860 | 116257470
 977 |    3 |  897 | 117481077
 978 |  123 |  151 | 118171525
 979 |  142 |  400 | 119848821
 980 |  179 |  240 | 125200850
 981 |   31 |  292 | 126633001
 982 |  391 |  436 | 127325115
 983 |  664 |  876 | 129406235
 984 |  558 |  986 | 131757101
 985 |  686 |  751 | 132717766
 986 |  248 |  499 | 136947846
 987 |  799 |  922 | 137329907
 988 |  224 |  503 | 144094992
 989 |  124 |  887 | 145070273
 990 |  880 |  949 | 145179454
 991 |   95 |  871 | 148439572
 992 |   58 |  998 | 151509576
 993 |  139 |  820 | 161793789
 994 |  376 |  808 | 164643338
 995 |  533 |  768 | 167848148
 996 |  458 |  482 | 168248203
 997 |   67 |  870 | 176916786
 998 |   61 |  995 | 178146501
 999 |  661 |  937 | 183114790

Boxes in order of first connection:
1. Box 408
2. Box 961
3. Box 193
4. Box 396
5. Box 322
6. Box 399
7. Box 81
8. Box 640
9. Box 341
10. Box 828
11. Box 276
12. Box 920
13. Box 792
14. Box 861
15. Box 343
16. Box 624
17. Box 467
18. Box 899
19. Box 35
20. Box 814
21. Box 218
22. Box 412
23. Box 438
24. Box 891
25. Box 0
26. Box 509
27. Box 318
28. Box 353
29. Box 90
30. Box 267
31. Box 420
32. Box 795
33. Box 153
34. Box 811
35. Box 30
36. Box 471
37. Box 803
38. Box 807
39. Box 23
40. Box 366
41. Box 182
42. Box 592
43. Box 183
44. Box 865
45. Box 388
46. Box 651
47. Box 177
48. Box 326
49. Box 195
50. Box 652
51. Box 168
52. Box 644
53. Box 357
54. Box 730
55. Box 462
56. Box 538
57. Box 854
58. Box 929
59. Box 16
60. Box 393
61. Box 447
62. Box 596
63. Box 207
64. Box 465
65. Box 215
66. Box 431
67. Box 42
68. Box 264
69. Box 554
70. Box 982
71. Box 490
72. Box 967
73. Box 283
74. Box 927
75. Box 46
76. Box 282
77. Box 89
78. Box 591
79. Box 367
80. Box 796
81. Box 4
82. Box 80
83. Box 531
84. Box 630
85. Box 617
86. Box 951
87. Box 294
88. Box 805
89. Box 71
90. Box 487
91. Box 362
92. Box 506
93. Box 172
94. Box 314
95. Box 563
96. Box 903
97. Box 527
98. Box 994
99. Box 127
100. Box 661
101. Box 79
102. Box 159
103. Box 822
104. Box 386
105. Box 874
106. Box 87
107. Box 755
108. Box 422
109. Box 145
110. Box 974
111. Box 678
112. Box 742
113. Box 756
114. Box 958
115. Box 319
116. Box 665
117. Box 40
118. Box 477
119. Box 68
120. Box 445
121. Box 373
122. Box 656
123. Box 54
124. Box 747
125. Box 454
126. Box 698
127. Box 648
128. Box 900
129. Box 359
130. Box 405
131. Box 188
132. Box 710
133. Box 944
134. Box 947
135. Box 585
136. Box 838
137. Box 201
138. Box 935
139. Box 278
140. Box 908
141. Box 302
142. Box 975
143. Box 225
144. Box 233
145. Box 198
146. Box 573
147. Box 104
148. Box 886
149. Box 897
150. Box 372
151. Box 978
152. Box 690
153. Box 824
154. Box 786
155. Box 542
156. Box 794
157. Box 105
158. Box 769
159. Box 831
160. Box 845
161. Box 166
162. Box 72
163. Box 226
164. Box 94
165. Box 586
166. Box 452
167. Box 837
168. Box 385
169. Box 158
170. Box 241
171. Box 767
172. Box 112
173. Box 140
174. Box 163
175. Box 550
176. Box 133
177. Box 424
178. Box 19
179. Box 635
180. Box 194
181. Box 800
182. Box 10
183. Box 571
184. Box 200
185. Box 864
186. Box 480
187. Box 898
188. Box 21
189. Box 881
190. Box 413
191. Box 771
192. Box 249
193. Box 783
194. Box 257
195. Box 850
196. Box 8
197. Box 754
198. Box 161
199. Box 544
200. Box 144
201. Box 981
202. Box 647
203. Box 976
204. Box 904
205. Box 729
206. Box 73
207. Box 626
208. Box 717
209. Box 907
210. Box 778
211. Box 627
212. Box 209
213. Box 674
214. Box 392
215. Box 736
216. Box 232
217. Box 602
218. Box 20
219. Box 858
220. Box 683
221. Box 726
222. Box 22
223. Box 394
224. Box 628
225. Box 731
226. Box 775
227. Box 570
228. Box 924
229. Box 551
230. Box 921
231. Box 368
232. Box 340
233. Box 55
234. Box 705
235. Box 547
236. Box 782
237. Box 415
238. Box 902
239. Box 483
240. Box 916
241. Box 77
242. Box 727
243. Box 27
244. Box 990
245. Box 562
246. Box 662
247. Box 34
248. Box 256
249. Box 307
250. Box 505
251. Box 211
252. Box 659
253. Box 843
254. Box 877
255. Box 325
256. Box 238
257. Box 98
258. Box 588
259. Box 521
260. Box 962
261. Box 173
262. Box 696
263. Box 700
264. Box 809
265. Box 356
266. Box 316
267. Box 681
268. Box 789
269. Box 402
270. Box 560
271. Box 763
272. Box 686
273. Box 964
274. Box 88
275. Box 688
276. Box 18
277. Box 575
278. Box 541
279. Box 581
280. Box 577
281. Box 776
282. Box 312
283. Box 321
284. Box 169
285. Box 427
286. Box 192
287. Box 243
288. Box 653
289. Box 996
290. Box 645
291. Box 762
292. Box 955
293. Box 298
294. Box 526
295. Box 374
296. Box 910
297. Box 819
298. Box 149
299. Box 444
300. Box 607
301. Box 684
302. Box 614
303. Box 132
304. Box 299
305. Box 363
306. Box 692
307. Box 176
308. Box 793
309. Box 901
310. Box 911
311. Box 457
312. Box 65
313. Box 9
314. Box 601
315. Box 134
316. Box 759
317. Box 855
318. Box 313
319. Box 939
320. Box 100
321. Box 860
322. Box 336
323. Box 7
324. Box 556
325. Box 525
326. Box 699
327. Box 715
328. Box 559
329. Box 418
330. Box 772
331. Box 91
332. Box 677
333. Box 818
334. Box 513
335. Box 919
336. Box 781
337. Box 403
338. Box 486
339. Box 658
340. Box 57
341. Box 841
342. Box 64
343. Box 434
344. Box 945
345. Box 595
346. Box 676
347. Box 411
348. Box 612
349. Box 896
350. Box 244
351. Box 815
352. Box 370
353. Box 806
354. Box 124
355. Box 669
356. Box 482
357. Box 572
358. Box 382
359. Box 639
360. Box 60
361. Box 993
362. Box 518
363. Box 578
364. Box 752
365. Box 270
366. Box 67
367. Box 317
368. Box 189
369. Box 830
370. Box 801
371. Box 866
372. Box 909
373. Box 714
374. Box 476
375. Box 566
376. Box 835
377. Box 682
378. Box 315
379. Box 750
380. Box 461
381. Box 449
382. Box 239
383. Box 926
384. Box 753
385. Box 75
386. Box 208
387. Box 52
388. Box 271
389. Box 266
390. Box 777
391. Box 584
392. Box 834
393. Box 6
394. Box 988
395. Box 410
396. Box 479
397. Box 519
398. Box 328
399. Box 543
400. Box 306
401. Box 451
402. Box 446
403. Box 770
404. Box 354
405. Box 576
406. Box 268
407. Box 456
408. Box 869
409. Box 925
410. Box 933
411. Box 190
412. Box 419
413. Box 914
414. Box 170
415. Box 342
416. Box 643
417. Box 260
418. Box 895
419. Box 304
420. Box 349
421. Box 76
422. Box 784
423. Box 946
424. Box 32
425. Box 181
426. Box 421
427. Box 930
428. Box 604
429. Box 868
430. Box 503
431. Box 840
432. Box 297
433. Box 536
434. Box 613
435. Box 673
436. Box 743
437. Box 242
438. Box 85
439. Box 894
440. Box 48
441. Box 475
442. Box 365
443. Box 812
444. Box 371
445. Box 468
446. Box 273
447. Box 654
448. Box 977
449. Box 535
450. Box 813
451. Box 702
452. Box 972
453. Box 303
454. Box 954
455. Box 107
456. Box 672
457. Box 236
458. Box 289
459. Box 291
460. Box 587
461. Box 377
462. Box 605
463. Box 234
464. Box 24
465. Box 906
466. Box 697
467. Box 82
468. Box 345
469. Box 247
470. Box 999
471. Box 957
472. Box 86
473. Box 504
474. Box 221
475. Box 823
476. Box 594
477. Box 164
478. Box 740
479. Box 272
480. Box 129
481. Box 409
482. Box 401
483. Box 598
484. Box 997
485. Box 97
486. Box 62
487. Box 608
488. Box 932
489. Box 157
490. Box 832
491. Box 197
492. Box 851
493. Box 329
494. Box 217
495. Box 37
496. Box 364
497. Box 453
498. Box 174
499. Box 337
500. Box 435
501. Box 515
502. Box 940
503. Box 15
504. Box 758
505. Box 36
506. Box 128
507. Box 619
508. Box 989
509. Box 701
510. Box 611
511. Box 650
512. Box 369
513. Box 732
514. Box 621
515. Box 952
516. Box 657
517. Box 879
518. Box 263
519. Box 439
520. Box 460
521. Box 74
522. Box 873
523. Box 625
524. Box 707
525. Box 804
526. Box 478
527. Box 623
528. Box 2
529. Box 741
530. Box 557
531. Box 915
532. Box 709
533. Box 878
534. Box 333
535. Box 593
536. Box 156
537. Box 528
538. Box 347
539. Box 992
540. Box 387
541. Box 530
542. Box 171
543. Box 494
544. Box 150
545. Box 442
546. Box 532
547. Box 712
548. Box 295
549. Box 583
550. Box 979
551. Box 671
552. Box 618
553. Box 196
554. Box 685
555. Box 49
556. Box 511
557. Box 687
558. Box 779
559. Box 227
560. Box 423
561. Box 633
562. Box 589
563. Box 540
564. Box 766
565. Box 206
566. Box 252
567. Box 942
568. Box 846
569. Box 609
570. Box 384
571. Box 180
572. Box 637
573. Box 469
574. Box 564
575. Box 216
576. Box 495
577. Box 53
578. Box 230
579. Box 51
580. Box 5
581. Box 296
582. Box 508
583. Box 265
584. Box 191
585. Box 463
586. Box 219
587. Box 143
588. Box 704
589. Box 788
590. Box 358
591. Box 491
592. Box 84
593. Box 248
594. Box 882
595. Box 440
596. Box 634
597. Box 212
598. Box 780
599. Box 277
600. Box 44
601. Box 893
602. Box 429
603. Box 125
604. Box 995
605. Box 970
606. Box 202
607. Box 14
608. Box 597
609. Box 649
610. Box 59
611. Box 199
612. Box 126
613. Box 286
614. Box 537
615. Box 745
616. Box 853
617. Box 175
618. Box 116
619. Box 398
620. Box 17
621. Box 92
622. Box 642
623. Box 615
624. Box 983
625. Box 943
626. Box 548
627. Box 703
628. Box 437
629. Box 568
630. Box 580
631. Box 622
632. Box 237
633. Box 214
634. Box 290
635. Box 533
636. Box 300
637. Box 293
638. Box 103
639. Box 512
640. Box 41
641. Box 430
642. Box 867
643. Box 117
644. Box 383
645. Box 565
646. Box 350
647. Box 258
648. Box 56
649. Box 507
650. Box 522
651. Box 523
652. Box 884
653. Box 638
654. Box 582
655. Box 847
656. Box 1
657. Box 381
658. Box 397
659. Box 484
660. Box 502
661. Box 918
662. Box 721
663. Box 620
664. Box 757
665. Box 138
666. Box 737
667. Box 802
668. Box 464
669. Box 310
670. Box 725
671. Box 500
672. Box 744
673. Box 436
674. Box 791
675. Box 826
676. Box 309
677. Box 876
678. Box 965
679. Box 118
680. Box 102
681. Box 790
682. Box 178
683. Box 555
684. Box 250
685. Box 488
686. Box 641
687. Box 355
688. Box 360
689. Box 493
690. Box 165
691. Box 389
692. Box 101
693. Box 821
694. Box 220
695. Box 799
696. Box 259
697. Box 857
698. Box 862
699. Box 58
700. Box 833
701. Box 655
702. Box 724
703. Box 816
704. Box 254
705. Box 305
706. Box 425
707. Box 569
708. Box 448
709. Box 561
710. Box 856
711. Box 11
712. Box 162
713. Box 115
714. Box 689
715. Box 274
716. Box 378
717. Box 279
718. Box 545
719. Box 852
720. Box 936
721. Box 668
722. Box 288
723. Box 155
724. Box 327
725. Box 119
726. Box 986
727. Box 261
728. Box 45
729. Box 829
730. Box 510
731. Box 722
732. Box 938
733. Box 137
734. Box 361
735. Box 141
736. Box 706
737. Box 287
738. Box 251
739. Box 839
740. Box 498
741. Box 106
742. Box 666
743. Box 330
744. Box 941
745. Box 228
746. Box 973
747. Box 29
748. Box 987
749. Box 723
750. Box 718
751. Box 331
752. Box 93
753. Box 632
754. Box 379
755. Box 470
756. Box 600
757. Box 716
758. Box 579
759. Box 351
760. Box 883
761. Box 323
762. Box 695
763. Box 733
764. Box 842
765. Box 558
766. Box 549
767. Box 324
768. Box 524
769. Box 934
770. Box 501
771. Box 960
772. Box 246
773. Box 679
774. Box 154
775. Box 38
776. Box 186
777. Box 280
778. Box 888
779. Box 3
780. Box 416
781. Box 514
782. Box 255
783. Box 748
784. Box 95
785. Box 670
786. Box 553
787. Box 33
788. Box 693
789. Box 539
790. Box 28
791. Box 761
792. Box 980
793. Box 749
794. Box 764
795. Box 311
796. Box 534
797. Box 390
798. Box 466
799. Box 760
800. Box 603
801. Box 481
802. Box 694
803. Box 332
804. Box 113
805. Box 797
806. Box 99
807. Box 114
808. Box 443
809. Box 111
810. Box 474
811. Box 953
812. Box 26
813. Box 121
814. Box 859
815. Box 713
816. Box 590
817. Box 774
818. Box 253
819. Box 204
820. Box 395
821. Box 963
822. Box 546
823. Box 691
824. Box 798
825. Box 47
826. Box 455
827. Box 738
828. Box 923
829. Box 185
830. Box 50
831. Box 406
832. Box 66
833. Box 187
834. Box 108
835. Box 348
836. Box 773
837. Box 520
838. Box 485
839. Box 120
840. Box 160
841. Box 301
842. Box 184
843. Box 152
844. Box 913
845. Box 12
846. Box 391
847. Box 836
848. Box 680
849. Box 210
850. Box 83
851. Box 472
852. Box 338
853. Box 917
854. Box 147
855. Box 517
856. Box 222
857. Box 660
858. Box 335
859. Box 885
860. Box 320
861. Box 928
862. Box 123
863. Box 599
864. Box 817
865. Box 414
866. Box 96
867. Box 739
868. Box 25
869. Box 380
870. Box 636
871. Box 344
872. Box 529
873. Box 489
874. Box 130
875. Box 131
876. Box 912
877. Box 269
878. Box 122
879. Box 450
880. Box 667
881. Box 785
882. Box 863
883. Box 810
884. Box 948
885. Box 240
886. Box 663
887. Box 205
888. Box 890
889. Box 735
890. Box 765
891. Box 872
892. Box 675
893. Box 432
894. Box 734
895. Box 720
896. Box 711
897. Box 610
898. Box 889
899. Box 849
900. Box 245
901. Box 69
902. Box 956
903. Box 892
904. Box 39
905. Box 203
906. Box 281
907. Box 262
908. Box 746
909. Box 231
910. Box 728
911. Box 308
912. Box 966
913. Box 719
914. Box 43
915. Box 825
916. Box 984
917. Box 496
918. Box 708
919. Box 959
920. Box 375
921. Box 229
922. Box 459
923. Box 567
924. Box 552
925. Box 142
926. Box 167
927. Box 275
928. Box 404
929. Box 968
930. Box 574
931. Box 109
932. Box 616
933. Box 875
934. Box 70
935. Box 497
936. Box 950
937. Box 844
938. Box 31
939. Box 352
940. Box 516
941. Box 63
942. Box 148
943. Box 136
944. Box 110
945. Box 848
946. Box 339
947. Box 235
948. Box 284
949. Box 285
950. Box 376
951. Box 213
952. Box 492
953. Box 334
954. Box 827
955. Box 407
956. Box 949
957. Box 428
958. Box 13
959. Box 78
960. Box 969
961. Box 346
962. Box 971
963. Box 426
964. Box 135
965. Box 787
966. Box 905
967. Box 991
968. Box 499
969. Box 146
970. Box 417
971. Box 985
972. Box 223
973. Box 931
974. Box 629
975. Box 820
976. Box 646
977. Box 631
978. Box 441
979. Box 606
980. Box 887
981. Box 473
982. Box 433
983. Box 151
984. Box 292
985. Box 400
986. Box 179
987. Box 664
988. Box 751
989. Box 922
990. Box 224
991. Box 880
992. Box 871
993. Box 998
994. Box 139
995. Box 808
996. Box 768
997. Box 458
998. Box 870
999. Box 61
1000. Box 937
